2101234567895421012347899878510986566799987654567986456995439976789764347996567899989943245679988767
3212349678989533234556998965329877345689976563459874348789598865678953256789456798878894556798765657
4323458989678944345678987895498767234567896432398763212678987674679954103598967987658789987899854545
5434767895587895456889456976987654395978954321239654343459976543458893212367899876545678998999973234
6545878954376789569994345897898765989899765210198785454598865432346789323457998765434789109498765123
7976989654245679678965456789999879878789874334239876565987654321257895444567899876523489912349871014
8998999762156789789876667896899998767678998485346989879876543210456989555678976987634567893497932123
9349678954367899897987788945679999654567897576457899999989655421245678967899895498547679989986544254
3234569765478934956799899235989986543456789986568998789998765434657889878976789999967899878987654345
2124758976589320245698932149898997632367893497978989678999887565767899989765679899878987654598776576
3012347897695434346987894298787998321299912999899876567899998676778998795634598787989876573649887989
4124456789789545459876796987676799420189909898789765456789639897989459654523987656699985432233998992
4245678999899957867965789876545678921467898769678932367896510998992398993212396543549876321012349891
5678989656989899979854345997634567892379999654567891246789439889901987889323987992023986535123556789
6789994349878789998765234598745679943489998323478910345899998767899876778934799889934597943234589897
9899989499765676899632123987658789874799986214599321234567897656789965567895699778899679874445678976
1999878989974565696543034798769899965678974323678932356679976545678954357679986565798989965567899765
0998967976543234987654245679978969878789765434567893458989989324679843234568975434667899876678987654
9876756899432123998768368789989345989898978545679954589998998939798756457789964323456901998789998653
9965645678921019899989479897591299999987989757889765679877887698999887568899877634789212349899987654
8654235677932298789996589976410987999876599968999899898766976587899998679976976545695443959998999765
9843123456893989678987898765329876898763459878945910999954383456789898789897987656789659898787899877
9732012587899878576798939876498985989652345999936929998843212345998769896789699787898798767656789998
7643223456798765435899319987987699876543478999899898987652101236789652945679569898909899854345698999
7654654577899871012978998798998789997667569998778767898767432345678941036789323979212998768767897899
8765766689978989153567897649459898998778878987654546989889543766789632123499214567993459979878956798
9878878794569993254568989432398987899899989876543235678987679879896543334568923456789567989989548987
3989989893498754385678978940987856799923498965432123989198789989987656545678994567899678991098659896
2399899932198765476899567891976545689212567896551029893239899998698769756989389878998999542989798785
1298789431019896589912377899875434978909678989762998789347999879549978897895478989987889659878987674
0987678993234987692101256798754323569998989878979897678956989965432989998976568999896578998967896543
9876543789945698789322345679654212398987898769998756567969978986544997899987679999789489997856987654
5987674599896789896543456898732101987876797657987643456798767897959876791098989987654349876545999765
4398765689789893987664687999654219876565789543498732345689458999899865689989899876543234997657898977
5499876895567965998778789998765698765454698955569821234592345698789654578978789989432145698769987899
6985987953456899879899898999876798654323457896898930123591234987699943589965679998743456789898986789
9876798912347998765912997898989987743212348997987651234989959877578892397894998999656567899987775679
0997989543458999894323986967999876532103456789999875445978898766456789456953877898767678999876544589
1299878994569789989499875456892997944212347897899986599865799954345678967892366789998989988987323699
2986566789689679978989764345891299894333458956789797987954689876756789898901345998999393976543212789
9875445999794598867878973226789989789546789545395679876543499989767898769219459897893212987654304589
8764329898943987654569543015678975689987998733234598765432359999898998654398998776794343499875423678
9865498787892198733678952123459954578998999710123499876745678931999999965987687675989954569765434567
9876997676789989421789965234599869699129987621234589987956799210198989878996576534679895679878545689
1999876545678976562597894345789998989012398542349678998767989321987878989965432323456789989997657894
0989987434579987673456789456899987678994987643498989989899878999876567899875321012348995699989769943
9876543212389998984567896567929876567989998754987899976998765689765459901987632123467894329878998952
6987654343578919987678987678909765458678999869876789765459976789979878929876543248978965499768987893
5398765454689101298799998989996543234567892978975678975234989892989989439998656767899996987659436789
4239898765678914459899999899987652123478931999854567894125999943498999997899767978999889996543125697
4146999876789323567999898798998783235789949876743569993235799857567899896989978999998778987621013456
3256789998895437678998765656989854345897898765412398989349979768978998765679899123987656798842134567
4345892349976545789899654345678965656976999989324987878998768979989997654568788939876545987653257878
5457943456997656896798775457789876767899895495439876769987657899995986543234567894998756998764567899
6798954599789767965679897668999987898998789989598765459896545989894398732125679943239867899998778989
7899769987678978976789998789789998909989677679999894398765435679789496521014678994956978910199899678
8978998458569989989899869895698999319876586567899989209876546789678987433123489589897989329987934569
9567987353478999999998756934597998998765432456789979912989656892569876554439593476799998998996549978
3459876212347898989765542129986767899965321245999867893498778921456987675678902345678967987897997899
2999965423456987679654321098795456799876442456898979994589989210378998988789213456989456976799876989
9889876834579876567999532197664345678998593567987696987678994321289549099895324567894349865798765678
6778998748698795457888943498543235689999989679996545698789976562458932134965435898999298954987654599
5465987657798654323567894999860134999899878989988434569999897673567893245976546789998987893498785699
4344598788987643212456989876543239898768768999876523459998789994678954369899677899987656932349896789
2123459899999876301345678998654398767654356789985434578999656789789765498788998999876547899456987899
3234569998998765212346799029795459654321237898899565989986545678993987989657989998932123468967898989
4349678987999654357856893234987598765434548997698977899995434578932799878945678987659994567899989878
5458789456898765678977954345698679876576656789567898909876523457891698767236789898798789698945678969
6569996568999879789798995458798789987989789895457899212987612356943497652179998799987689789996989654
9878997979899989897629789567899890198999996942368994323998723457899998741067896678976578999989899543
5989998989789992987545678998976931239789965321236789439876534569998765432359954599987429678976798954
4597999896599891297656789679999842345679876433345696559987676678999876543878963989987634567895657895
3456898765456789398767896543987653458789989874576789698798787889898988764989879879876545898943246789
2367999854346789999878987632198785669894498765689898987659898998787899895699998765997656789532135892
1567998765235899898989876544349997978912349876996967898749999879656689987789889954398767898643234943
0346898754346798767899987655498899899103567987895456789898789765434578998996779893239878987655345694
1234789765457987656789999776987768789214678998954323899987678976655689999545656789123989699867458789
2345679876567898778999976989886547678925889329765834789986567897896999987432345679954694569878569899
4456989989678929989129965498765636569996789409876745678976458999989899876541234578895893456989678978
5768993599899219991098799597654325458987993212988876799986569998978798765410123456789932597898789567
6978987678923998932998678998765212346798954323499989895697678987665659898321239967897643789999899434
7989698799019897899897567979854303467899766534567897914598989976544446996543998798987654679989978921
8996549997998786789765434567963214679998987645698976723459391985433234987659887689999767789876567892
9989239876892675778976323678977634567897898756989895434569210986321013498798756579899898899983456943
9879959865781534667895434589876547679946789869876799547678999875432125799987644467799999999832169659
6567898774210123456789645699987658789434578998965978956789987986543234589876532345678989398743298998
5456987654321434597998756789198767896545689987654568987895456599654565679874321567889879197654997987
5323498767434545989899767899239878987956789898543459998954343498765696789965452378998968989769896596
4212999998545669878799879998945989599897898765432368989768212349876789891986565459987957679898789498
4345899987656989765678998987896792498789999974321245678965401234989899932987876567896543599987678989
5786799998767998954789897676989899989678898765210176989876212345698999743498987878965432789876564879
6997898989878987323456789565678998878545789896325237891995454597897898654569898989998543679876433768
7898967878999976212345689434989987567438699965434346990987566989986799765699789995987654567984321057
8989655567898765303458796579898765432123578986557656789799679879865689897987678954398786788985432348
9876544466789873214567899698798765321012459987868867897698799767654799989876567943219899899876543456
8765433345678984323678998987659876432133569998978879933569987654423689876987678955323999976987656567
9654321234589995644567897898243998873244567899989989212456798743314578965699899876456789765398797678
8765430355679876789678976543012397654356798935697694302345989832105689654556998987987897573239898789
9974321366789987899899987632123498767459899224599543213459876543216798532348967898998965432145999890
9765432377890198975910199743435679878567892101987656323567998765323897621012345999249986551026789921
