0:
##.
###
#.#

1:
###
###
..#

2:
###
..#
###

3:
#..
##.
###

4:
#.#
###
#.#

5:
#..
##.
.##

47x47: 38 32 39 37 41 38
46x48: 40 41 40 35 38 46
46x35: 37 40 37 44 48 43
41x38: 27 27 17 29 28 28
37x39: 39 39 36 37 35 36
46x35: 26 28 27 21 31 31
41x42: 28 22 31 42 30 28
45x47: 40 43 26 41 35 40
43x36: 39 42 35 40 37 48
47x47: 37 40 30 45 39 33
39x44: 33 52 57 45 37 39
36x42: 42 35 41 47 36 31
44x36: 32 45 45 28 44 51
44x45: 43 30 37 32 33 34
43x49: 52 56 51 39 63 64
46x45: 50 39 29 37 34 35
44x49: 66 57 45 48 60 55
47x38: 35 47 43 57 48 47
46x38: 28 37 28 28 33 25
36x42: 39 46 35 37 41 33
48x48: 39 47 50 32 52 36
42x49: 55 58 45 55 52 52
50x38: 50 47 44 51 50 52
50x43: 32 37 37 34 41 43
46x50: 37 36 40 49 43 35
46x38: 49 47 44 47 36 47
40x48: 38 33 41 32 31 32
35x35: 16 13 27 20 20 24
45x35: 38 49 37 41 36 42
42x47: 44 44 27 24 40 30
50x39: 49 55 47 48 54 46
40x36: 20 26 28 29 28 25
35x47: 33 35 31 19 30 16
44x39: 46 50 51 32 44 38
47x36: 38 49 45 31 45 54
35x38: 28 35 34 40 36 32
39x49: 52 45 58 46 46 46
41x45: 38 34 30 33 34 26
48x36: 54 51 41 34 40 45
39x40: 33 34 42 46 41 47
46x37: 53 32 32 45 47 57
44x36: 30 35 30 25 16 32
49x50: 71 71 64 47 62 59
48x45: 40 34 43 41 43 39
42x42: 38 46 56 44 43 44
38x49: 44 43 47 56 52 45
48x48: 55 60 54 55 69 62
49x39: 25 26 39 38 37 43
41x35: 28 20 25 24 24 21
41x37: 40 39 36 39 42 37
39x43: 52 47 47 35 36 39
46x38: 39 47 44 46 45 50
39x35: 32 34 33 38 41 32
49x50: 79 59 71 54 57 53
35x47: 27 20 25 31 31 30
45x46: 50 53 59 56 48 53
49x40: 31 38 35 38 36 29
47x36: 24 25 41 31 25 34
50x39: 57 59 43 39 53 47
47x49: 34 46 36 44 36 43
46x42: 34 32 42 37 39 25
35x48: 35 42 48 41 51 41
39x37: 29 29 23 32 20 22
36x41: 50 30 42 29 33 44
35x37: 36 31 37 41 21 35
46x40: 45 49 45 54 43 49
42x48: 61 39 53 51 53 54
48x44: 39 41 46 33 28 36
42x36: 48 34 38 44 38 29
49x48: 60 59 64 66 56 57
36x35: 32 33 31 34 35 28
40x49: 43 52 46 58 58 44
46x39: 30 36 42 28 25 34
36x45: 30 49 45 43 40 43
44x43: 40 48 64 55 38 47
50x49: 66 69 67 43 67 62
42x49: 39 35 42 35 33 40
44x50: 33 43 37 35 35 41
38x41: 54 40 33 36 38 38
41x46: 39 30 31 35 27 33
39x43: 48 40 49 40 42 37
41x40: 26 19 28 37 28 30
35x47: 36 26 26 29 16 31
44x46: 50 46 50 55 59 52
50x42: 42 41 26 38 32 45
50x41: 55 48 57 56 51 48
38x45: 38 43 42 53 44 45
47x42: 55 49 42 51 51 58
35x42: 35 39 37 38 39 39
44x38: 49 46 43 31 41 47
36x48: 24 30 29 38 39 31
41x39: 39 42 42 49 30 47
40x40: 33 32 24 27 24 29
44x36: 25 34 32 21 24 32
42x43: 27 49 28 31 30 31
37x44: 39 33 47 33 42 61
44x45: 50 49 48 51 56 51
47x38: 32 33 29 27 24 35
38x39: 34 45 39 36 26 52
38x45: 31 25 23 33 38 29
38x37: 19 26 30 28 18 23
40x39: 35 41 40 47 37 42
43x44: 39 32 30 34 24 36
40x35: 29 24 23 25 20 22
45x46: 60 45 62 55 57 35
38x37: 30 25 32 21 21 14
41x35: 24 22 25 29 26 17
50x44: 31 31 41 47 32 41
48x45: 34 33 33 45 50 45
47x45: 36 40 35 49 37 28
49x43: 59 58 63 50 40 54
50x44: 46 56 49 66 64 60
46x50: 68 61 50 63 51 63
42x47: 59 48 59 44 42 51
38x45: 44 45 48 37 51 35
39x50: 55 53 48 47 56 37
38x42: 27 31 26 35 23 26
43x46: 53 53 48 44 52 55
35x43: 28 27 27 20 20 31
47x48: 60 62 56 50 54 67
49x50: 60 62 62 58 66 71
35x39: 35 35 34 27 44 34
38x35: 19 25 15 23 24 25
43x39: 47 52 36 49 35 39
50x46: 31 46 44 43 37 38
48x36: 46 45 37 52 43 44
50x42: 34 34 39 39 30 48
37x41: 24 31 24 22 30 25
39x44: 29 30 30 28 36 28
44x48: 29 41 44 21 41 48
40x39: 30 46 37 52 39 37
41x42: 42 55 33 51 37 50
37x45: 51 48 34 46 32 47
37x36: 21 26 22 30 19 25
36x43: 25 29 28 22 31 32
42x36: 35 19 37 33 23 20
40x49: 48 65 52 48 42 45
43x35: 26 16 29 21 35 26
47x45: 35 28 39 36 50 36
35x41: 42 32 34 32 34 50
41x37: 39 41 39 43 41 28
36x47: 30 35 30 29 20 35
49x46: 67 62 52 46 54 67
38x35: 27 24 20 15 18 27
46x41: 31 19 44 39 29 33
37x37: 37 32 38 34 39 29
37x37: 35 34 40 34 34 33
46x46: 38 47 39 34 36 31
46x41: 23 31 29 43 31 37
36x46: 37 49 50 30 40 49
46x36: 34 31 34 33 24 23
49x49: 63 62 57 56 61 73
35x41: 22 17 27 23 29 25
48x46: 46 37 36 41 38 41
44x48: 61 48 48 59 63 44
39x45: 40 34 47 47 52 53
42x48: 48 49 50 46 64 53
45x39: 29 31 32 40 35 28
49x39: 41 53 45 46 52 60
38x40: 37 36 37 43 37 47
37x47: 37 43 50 45 43 52
39x46: 41 46 31 54 46 65
50x35: 25 35 22 27 32 34
44x39: 40 42 51 43 45 43
45x50: 24 39 44 45 48 40
43x46: 24 39 38 31 38 40
40x35: 30 17 22 30 24 20
42x36: 24 23 28 25 44 24
38x38: 43 27 40 36 42 33
42x40: 48 40 47 35 43 45
50x43: 47 50 53 66 60 57
48x48: 50 60 55 65 65 61
50x50: 57 59 70 59 73 67
39x41: 32 30 34 27 21 25
45x36: 33 29 23 32 32 31
41x39: 29 29 25 26 33 26
45x36: 43 38 30 50 48 42
47x47: 37 43 38 33 44 30
39x50: 33 32 40 32 43 28
36x45: 33 48 47 41 38 43
41x49: 35 39 36 32 32 33
36x37: 38 35 37 34 33 26
45x44: 61 45 48 46 52 53
49x38: 25 29 30 45 32 30
49x46: 58 67 51 61 57 52
38x49: 44 49 49 51 49 44
40x35: 37 41 29 42 28 41
36x43: 34 32 21 35 23 23
38x49: 31 37 36 30 28 30
38x44: 33 45 42 37 54 47
35x41: 24 21 16 31 22 29
36x48: 28 25 25 37 40 37
37x46: 28 24 27 27 26 47
41x42: 37 37 51 50 47 44
44x35: 27 52 35 47 39 38
46x45: 53 33 35 31 39 33
46x48: 69 43 69 60 46 52
42x46: 40 38 41 31 26 33
36x35: 38 28 33 29 43 19
43x45: 34 35 38 36 39 28
46x42: 47 52 49 47 51 52
45x48: 28 56 43 34 35 44
49x36: 38 34 30 31 25 33
49x42: 59 59 52 43 54 47
49x42: 50 47 52 67 52 50
36x35: 35 27 30 35 36 31
43x47: 34 37 36 35 30 38
35x50: 51 42 45 46 37 50
41x42: 28 27 29 33 37 27
40x38: 38 47 33 43 34 40
44x40: 43 42 51 47 41 48
39x41: 28 34 25 30 27 25
42x49: 33 33 43 38 33 43
50x38: 26 39 35 24 32 36
39x42: 48 44 39 38 45 36
47x40: 48 49 50 47 50 44
44x37: 27 27 31 26 26 30
45x36: 29 27 23 33 33 35
46x35: 41 47 37 37 45 40
35x50: 28 25 31 29 33 30
45x46: 36 40 37 34 42 36
49x46: 40 45 56 36 26 36
50x46: 52 62 53 64 55 73
35x50: 59 47 34 38 45 46
43x44: 34 27 36 29 32 38
41x50: 44 59 54 58 47 55
38x48: 45 44 46 52 50 44
40x39: 44 38 33 36 41 51
43x37: 40 36 36 51 41 43
40x38: 53 38 30 34 46 30
37x44: 37 43 44 47 38 43
35x49: 37 22 25 33 35 24
38x41: 43 45 47 42 34 25
46x39: 45 49 49 36 49 47
41x48: 39 46 26 30 33 33
36x43: 37 44 35 44 40 39
40x40: 25 34 29 32 30 19
35x38: 27 20 21 18 14 32
48x39: 32 34 37 43 34 27
41x40: 28 32 35 28 29 17
38x36: 43 30 36 27 37 37
47x37: 38 47 43 43 43 57
50x41: 62 44 49 59 52 50
45x46: 53 48 67 50 45 56
46x39: 29 35 26 36 43 25
44x37: 42 47 43 48 37 32
41x48: 60 55 40 50 47 51
35x47: 34 35 50 45 45 46
39x41: 47 32 40 46 46 34
37x47: 22 20 38 33 28 39
46x45: 62 59 55 46 49 44
44x43: 54 36 48 55 51 48
38x38: 43 37 43 33 39 23
35x45: 42 42 36 32 50 39
41x47: 54 54 52 45 45 45
45x42: 47 53 57 41 41 52
39x50: 34 22 40 42 29 40
44x46: 51 56 61 33 59 48
44x35: 30 28 27 23 23 22
44x38: 43 45 51 42 34 42
40x43: 24 37 26 35 27 32
36x49: 33 38 35 32 26 27
38x40: 35 44 34 41 43 37
45x50: 55 59 63 49 57 64
36x41: 34 21 27 23 24 27
49x35: 33 21 18 44 28 31
42x44: 46 34 31 20 28 36
43x43: 52 44 54 50 46 36
35x44: 42 43 43 38 36 33
43x47: 68 47 43 52 50 51
40x35: 24 22 34 16 21 26
41x48: 51 65 49 49 40 48
47x42: 53 39 61 54 50 46
47x41: 43 26 28 30 33 34
36x37: 36 35 29 41 29 37
35x45: 23 29 22 26 35 29
49x35: 49 37 45 48 46 38
36x49: 29 30 32 36 29 36
44x40: 40 45 51 44 46 45
46x35: 32 26 20 33 24 30
40x50: 56 56 47 57 51 38
46x44: 47 25 31 36 34 36
48x47: 61 53 63 50 62 57
49x46: 39 43 33 50 34 41
35x45: 29 25 27 31 27 26
46x37: 29 32 27 39 25 28
43x40: 46 49 46 36 44 42
45x50: 49 39 38 29 38 46
39x42: 38 49 47 37 33 50
49x39: 39 31 33 38 31 35
38x48: 42 35 49 49 52 57
36x38: 42 26 33 30 46 32
44x49: 60 45 50 56 63 59
37x50: 45 47 55 46 48 42
43x46: 43 47 53 59 53 51
45x45: 43 39 40 35 32 36
50x35: 38 36 25 25 26 26
45x41: 42 55 41 48 54 43
45x46: 32 44 41 39 34 35
46x49: 46 42 39 37 46 30
37x48: 50 39 41 43 53 48
45x42: 52 45 53 54 44 42
47x43: 54 61 50 50 44 52
46x35: 32 21 28 21 30 33
49x45: 47 52 63 73 48 60
35x36: 23 22 20 20 28 18
41x44: 38 37 52 61 51 39
39x44: 38 47 41 35 46 61
44x47: 39 33 35 40 29 34
39x50: 21 39 40 27 37 43
47x44: 45 58 60 61 44 51
43x43: 47 35 50 66 35 57
46x39: 32 34 33 33 26 37
38x50: 41 27 31 32 32 28
41x36: 21 25 32 23 24 31
44x45: 37 33 25 44 38 33
42x45: 40 23 29 44 32 41
42x48: 44 55 53 43 66 47
43x41: 43 54 49 44 37 44
44x44: 38 46 48 66 52 51
37x37: 25 24 27 17 21 29
47x48: 37 43 42 39 43 35
50x37: 40 44 55 57 49 39
38x50: 57 51 35 44 51 56
42x47: 34 38 35 27 38 37
42x48: 36 37 27 47 38 38
42x41: 42 33 50 41 54 45
35x39: 30 38 40 24 41 36
46x40: 30 42 24 24 39 36
50x40: 58 47 55 38 55 54
38x43: 41 52 41 39 35 44
43x50: 37 42 35 40 32 38
50x40: 40 29 34 25 39 40
37x48: 29 30 38 32 29 33
46x40: 35 45 28 26 30 31
37x38: 31 31 39 42 42 31
42x47: 30 40 29 33 38 40
35x44: 28 18 27 26 19 35
47x47: 55 58 48 50 60 73
44x36: 23 19 29 30 36 30
39x48: 37 34 34 33 33 37
36x38: 32 27 39 40 39 34
49x45: 53 64 56 51 55 61
38x43: 22 32 29 29 25 30
48x45: 38 35 28 43 44 52
35x46: 28 25 27 23 34 28
40x40: 30 31 33 21 36 17
40x35: 20 22 29 27 22 23
49x38: 47 52 47 51 43 47
36x40: 29 24 24 23 32 23
40x36: 25 27 30 24 25 24
36x39: 47 33 33 38 29 37
48x49: 41 45 43 40 40 47
39x50: 35 35 41 33 26 37
50x49: 74 54 64 73 53 60
38x36: 27 22 29 15 24 26
36x35: 38 40 31 30 25 29
37x42: 37 31 28 19 21 32
39x43: 44 44 35 49 47 39
50x47: 42 51 48 39 26 33
41x42: 36 45 42 51 44 50
49x39: 41 29 29 36 45 27
40x44: 48 47 47 40 39 51
48x47: 55 42 52 68 66 69
43x47: 37 33 35 30 35 39
49x35: 45 63 42 38 34 40
37x37: 28 25 25 21 22 23
39x42: 34 24 33 30 33 28
44x36: 42 39 38 37 50 36
42x42: 40 57 45 37 43 50
49x35: 41 51 49 40 38 45
47x37: 33 20 34 32 32 29
37x42: 23 32 27 28 28 29
37x47: 55 40 41 43 45 43
37x43: 47 42 32 40 48 34
45x47: 53 49 54 62 56 52
43x45: 46 42 55 51 48 59
42x40: 43 28 50 31 54 54
40x47: 27 30 32 29 36 40
50x46: 34 33 34 55 39 44
46x45: 63 57 47 47 50 54
49x38: 55 42 46 56 36 55
46x45: 31 40 27 42 42 43
42x35: 31 35 41 36 38 48
35x49: 50 46 36 40 49 42
37x44: 41 35 48 43 40 45
35x46: 40 48 37 42 43 37
42x43: 33 36 31 34 20 41
48x38: 35 28 30 31 40 28
38x46: 41 35 45 46 46 61
42x44: 28 35 42 28 32 30
42x48: 37 42 38 47 36 23
43x40: 35 28 25 30 37 26
47x43: 51 48 55 57 46 56
42x36: 31 30 22 30 30 25
38x46: 34 41 30 28 24 23
48x43: 59 49 57 51 52 48
49x50: 67 67 65 63 55 59
38x44: 41 40 40 59 44 33
50x48: 47 37 35 46 50 41
44x36: 36 30 23 23 26 29
41x40: 47 46 45 29 43 40
45x40: 48 50 42 46 40 53
41x41: 46 55 42 31 45 36
35x45: 26 25 29 36 18 31
46x41: 45 50 61 37 44 53
40x48: 35 62 50 57 40 54
49x42: 53 55 51 57 52 48
48x47: 62 49 67 46 66 55
35x42: 48 34 44 29 33 37
35x36: 17 19 19 27 23 26
38x38: 27 30 17 26 23 21
48x49: 40 41 49 43 34 48
46x35: 46 30 44 45 41 43
43x41: 32 34 25 33 27 30
39x38: 37 26 21 28 19 24
38x35: 14 30 22 19 18 28
48x42: 40 37 34 41 34 37
50x46: 51 62 54 67 61 61
39x40: 29 43 36 44 48 41
37x43: 31 29 30 31 17 30
38x49: 51 47 43 45 53 47
40x45: 47 39 45 49 48 51
38x35: 21 19 29 27 15 20
36x35: 20 20 19 30 21 22
38x44: 46 46 33 37 46 51
36x48: 35 40 51 48 53 38
47x45: 46 34 36 40 33 35
48x48: 36 42 42 48 41 47
44x39: 30 33 31 32 23 32
47x47: 32 40 43 34 39 37
50x46: 39 44 36 39 38 43
36x43: 37 38 49 53 22 42
37x49: 33 25 25 28 36 44
47x46: 41 29 40 34 38 43
44x36: 49 44 37 34 39 40
48x44: 33 43 41 39 38 30
40x42: 39 26 26 34 25 31
43x46: 52 44 49 60 53 47
47x48: 46 48 36 44 32 33
42x41: 24 28 32 26 36 36
48x43: 72 52 38 58 45 54
45x41: 50 54 56 42 42 36
50x45: 55 60 59 60 57 55
38x41: 28 32 30 20 27 18
45x41: 32 36 31 36 27 33
41x36: 24 18 26 30 29 28
38x39: 36 40 35 31 35 55
45x37: 44 49 44 44 34 41
36x49: 39 41 54 39 50 49
49x43: 52 53 57 47 57 59
49x48: 59 64 74 40 67 53
41x49: 45 50 59 45 56 54
39x39: 24 49 36 45 48 31
49x38: 44 48 40 56 47 55
35x50: 45 47 37 39 55 46
38x44: 29 33 24 28 25 28
42x42: 61 42 43 36 41 48
36x35: 27 36 32 26 40 32
37x46: 37 58 43 39 40 45
47x38: 29 18 29 33 33 38
49x45: 47 61 64 59 52 57
39x48: 25 39 37 45 29 33
35x46: 38 30 47 36 53 44
47x50: 55 57 52 72 61 69
48x45: 63 60 55 50 51 52
46x45: 60 46 60 54 40 61
35x45: 24 32 27 31 30 21
45x44: 31 41 33 39 30 35
49x49: 66 69 56 59 66 50
48x45: 63 52 69 38 56 51
48x39: 53 51 51 36 49 46
35x47: 27 28 30 29 29 21
41x35: 32 27 19 22 20 23
42x47: 40 56 46 51 56 57
35x47: 49 45 40 38 41 39
39x38: 37 43 38 34 39 36
46x47: 51 54 54 55 61 59
40x38: 33 35 36 43 40 51
42x45: 48 53 51 49 45 44
48x36: 47 49 41 51 45 30
42x42: 33 31 27 43 37 25
47x47: 65 60 52 54 59 47
40x47: 34 32 30 30 31 38
35x37: 27 24 20 16 29 15
39x40: 22 27 33 33 27 26
37x47: 52 45 46 45 40 38
44x35: 42 35 53 44 27 36
44x37: 23 20 28 26 38 33
35x50: 35 37 23 24 31 25
44x50: 51 57 67 57 50 57
47x48: 56 57 61 55 63 54
35x47: 31 24 22 25 30 33
39x40: 39 37 42 39 41 43
36x40: 37 31 46 41 29 39
36x37: 23 23 28 29 20 21
45x36: 39 38 40 56 33 47
46x42: 57 45 41 48 52 56
38x39: 25 27 27 27 26 23
47x49: 51 59 68 56 57 65
38x38: 22 29 18 26 27 21
38x48: 49 38 52 49 45 49
45x49: 59 48 62 60 55 56
46x36: 25 40 19 30 31 34
48x37: 56 41 51 31 50 41
36x47: 34 29 29 29 24 35
39x48: 46 62 44 51 35 52
41x45: 42 58 53 49 44 35
44x47: 53 53 51 50 58 53
36x42: 24 33 28 32 21 30
43x45: 43 35 38 29 40 25
37x35: 36 39 38 28 27 30
41x49: 31 35 34 26 42 40
36x47: 38 52 38 42 56 31
38x43: 31 29 29 27 35 17
35x35: 16 18 23 18 26 20
39x46: 40 47 47 41 49 54
50x37: 39 25 41 27 28 31
39x49: 42 32 36 31 32 34
39x36: 40 41 29 46 32 27
43x48: 62 56 51 45 56 44
39x36: 29 24 21 24 24 33
37x38: 40 40 35 32 31 39
41x35: 27 46 35 37 34 44
35x36: 23 28 25 20 17 18
44x50: 56 51 58 62 63 47
44x46: 46 46 52 57 63 47
50x48: 41 48 50 39 43 35
44x47: 62 50 56 42 53 54
47x36: 31 29 30 30 31 28
44x43: 52 54 52 43 45 43
35x47: 46 51 30 43 43 40
44x44: 57 57 45 48 44 46
37x40: 36 40 46 33 32 41
49x47: 49 40 37 28 48 38
47x39: 47 42 51 44 50 48
42x39: 31 41 46 40 45 52
49x40: 32 27 36 39 36 37
36x47: 19 31 33 41 30 26
46x48: 50 55 56 62 60 58
40x46: 34 22 31 34 30 44
41x40: 21 33 30 29 31 24
48x47: 66 56 59 47 57 62
47x41: 63 40 44 47 57 44
43x37: 35 34 30 19 25 24
37x46: 32 49 40 47 50 45
45x46: 46 60 56 60 49 47
48x50: 38 42 49 42 41 44
41x40: 30 28 25 30 26 30
38x42: 35 52 37 41 35 48
50x41: 63 49 49 46 64 40
46x40: 56 40 49 39 47 53
44x41: 44 56 41 43 53 38
48x48: 36 46 41 43 45 45
39x37: 34 45 30 42 43 26
37x42: 37 37 31 56 40 41
37x47: 49 53 35 46 43 41
42x45: 34 33 39 37 36 30
38x37: 34 43 38 31 39 29
42x39: 41 44 36 49 35 51
35x39: 17 28 24 25 23 26
40x39: 25 33 30 23 29 28
49x49: 48 71 68 71 56 55
48x40: 65 51 52 40 43 41
48x40: 50 57 40 45 54 49
47x47: 52 33 27 39 39 34
37x37: 38 35 28 43 38 28
50x44: 70 50 51 65 57 43
37x39: 24 27 26 22 25 32
40x49: 42 35 35 37 32 27
46x47: 53 56 61 58 53 51
39x50: 55 53 45 44 51 52
49x50: 34 40 49 46 43 44
46x41: 58 45 44 47 39 61
50x47: 54 41 31 42 38 34
48x48: 64 46 54 64 67 61
45x45: 41 32 32 40 34 45
45x42: 43 40 51 47 54 59
38x50: 32 35 30 35 29 31
47x37: 42 55 41 38 44 48
50x47: 60 66 54 68 62 50
47x36: 35 34 27 28 31 24
38x41: 41 36 45 34 43 40
35x40: 43 38 29 36 35 34
48x40: 57 44 49 52 45 49
38x35: 26 18 17 24 19 28
46x43: 54 48 54 55 46 47
36x40: 49 31 35 29 36 42
44x39: 25 27 33 27 37 33
48x47: 33 49 38 32 45 43
48x50: 56 53 75 63 55 70
49x38: 26 33 30 44 32 26
43x47: 34 38 35 47 29 26
47x45: 57 52 56 61 53 45
35x35: 38 37 26 29 28 30
40x36: 19 18 16 39 26 38
35x40: 29 39 38 37 37 36
44x45: 43 34 35 35 33 30
36x41: 36 35 53 31 40 29
47x42: 35 48 47 65 53 61
38x49: 54 47 48 46 43 49
43x46: 34 31 41 35 35 34
47x41: 33 36 32 28 33 33
36x41: 45 30 49 30 38 33
38x40: 43 39 41 42 34 34
43x39: 45 46 52 49 35 28
50x38: 44 41 49 59 50 52
35x36: 31 29 28 30 35 44
41x43: 29 33 24 30 33 33
47x43: 54 56 37 52 66 44
44x42: 44 52 42 53 50 43
36x40: 30 33 27 19 20 26
45x35: 44 45 31 47 40 35
47x35: 45 42 40 46 43 36
50x49: 80 65 59 57 54 61
36x37: 35 36 31 33 38 31
44x38: 26 29 34 25 28 25
44x36: 29 26 27 30 19 36
41x42: 49 39 51 41 35 52
39x41: 27 30 19 26 26 40
37x35: 22 25 27 22 17 18
45x44: 48 45 39 53 62 61
41x38: 29 51 41 42 38 39
43x47: 41 32 42 32 34 28
39x36: 41 33 42 25 32 44
39x41: 36 51 40 33 52 30
41x50: 62 52 39 58 49 58
50x49: 70 76 62 56 53 58
40x46: 50 42 51 47 50 42
35x48: 43 45 47 38 44 40
35x50: 24 36 26 25 35 29
36x48: 26 28 47 22 36 33
47x50: 62 58 76 55 55 53
38x40: 22 34 32 16 24 28
46x37: 29 26 42 27 29 27
40x39: 30 24 40 23 24 27
39x36: 32 47 22 45 27 48
37x42: 39 32 38 38 47 47
41x44: 47 52 41 40 51 46
36x36: 28 23 17 23 27 25
42x41: 46 49 40 51 36 44
40x40: 34 43 53 31 40 45
39x36: 38 43 36 27 30 43
50x39: 34 30 40 34 34 36
36x36: 36 38 39 24 32 28
50x45: 36 42 50 37 34 41
40x42: 48 43 31 46 49 42
35x42: 36 34 42 37 41 36
37x46: 42 45 43 45 44 43
39x49: 36 32 33 39 30 38
40x46: 52 51 46 41 46 46
49x49: 49 42 45 43 38 38
50x36: 41 41 53 53 52 35
40x44: 35 26 27 30 34 29
42x38: 23 37 24 29 30 24
39x50: 35 33 34 39 33 33
39x35: 24 11 31 31 24 22
48x46: 22 32 40 41 51 54
36x35: 20 22 13 20 30 27
49x40: 31 31 31 32 38 45
36x41: 40 30 39 40 43 35
37x39: 25 30 25 27 30 18
41x38: 48 42 39 34 37 39
35x50: 47 48 38 50 48 37
44x38: 40 40 47 38 41 54
44x40: 34 23 29 37 27 32
38x43: 49 38 38 40 41 47
47x40: 47 44 56 43 50 49
46x48: 43 46 37 39 30 44
44x42: 46 46 34 53 57 50
46x48: 43 57 59 56 71 53
37x47: 26 28 30 36 30 30
47x38: 43 45 41 61 42 45
45x40: 26 44 53 59 44 56
46x47: 55 53 53 53 54 68
50x43: 39 51 33 29 34 37
43x38: 28 29 26 33 23 29
42x48: 42 35 34 31 40 42
36x47: 37 32 30 19 34 28
40x39: 19 37 30 20 37 26
39x44: 51 42 36 47 44 45
36x36: 30 31 52 35 29 19
36x45: 37 31 31 33 23 25
37x39: 25 24 29 30 30 18
43x50: 51 66 54 44 51 67
44x44: 53 54 47 48 44 53
45x47: 49 65 49 51 57 54
48x43: 40 34 33 37 48 31
36x49: 45 40 43 48 48 49
39x46: 34 48 44 57 43 54
38x50: 27 36 20 33 43 32
36x48: 20 27 45 24 32 44
40x49: 35 28 37 34 42 32
49x47: 59 57 54 63 63 59
44x37: 47 45 52 38 37 27
44x45: 42 53 58 46 52 54
50x43: 61 62 57 48 44 59
49x44: 41 35 33 42 36 37
42x36: 40 41 40 34 42 34
36x47: 35 64 41 40 45 32
43x44: 28 34 28 38 41 27
40x50: 47 49 46 56 56 56
48x40: 39 37 30 42 30 30
46x35: 24 31 32 26 26 26
41x42: 30 29 27 27 31 38
41x44: 49 49 45 41 49 43
41x44: 24 32 36 30 30 29
41x37: 18 31 25 23 30 29
37x39: 35 30 35 41 47 34
43x45: 43 30 34 37 29 37
35x45: 42 37 39 37 45 43
40x42: 39 38 49 39 50 43
49x37: 46 45 42 48 53 45
47x38: 49 43 43 55 46 38
46x50: 56 58 60 56 62 63
50x42: 40 34 37 43 35 35
36x40: 37 37 47 24 40 34
38x50: 32 27 32 31 38 32
42x45: 46 60 39 47 48 52
37x50: 50 44 45 53 43 52
35x50: 47 41 47 42 43 51
39x37: 30 28 23 30 18 27
50x40: 58 43 56 55 44 53
49x48: 56 80 67 58 48 50
40x49: 39 32 36 31 27 43
35x44: 40 34 39 34 49 41
41x50: 44 59 53 59 50 51
49x37: 47 42 51 41 54 42
48x37: 29 27 35 31 39 31
46x47: 66 44 61 43 62 55
43x50: 51 57 55 49 53 69
47x46: 53 63 51 53 53 61
42x36: 54 34 41 33 34 35
44x44: 61 45 42 50 51 49
38x44: 40 36 56 46 42 36
39x40: 43 51 32 31 42 40
38x41: 36 35 38 43 44 46
47x35: 26 27 29 26 30 26
44x47: 60 50 57 59 43 49
46x41: 54 50 38 54 58 33
49x41: 42 29 35 41 27 33
49x43: 51 49 60 59 52 54
43x43: 32 29 37 28 30 40
50x37: 36 34 37 27 29 29
41x43: 48 48 47 51 44 30
43x48: 63 57 41 49 48 62
47x43: 58 42 39 56 60 59
46x37: 28 42 30 23 23 34
43x47: 35 29 28 34 42 41
41x38: 25 21 32 24 20 33
39x35: 30 19 25 21 27 20
46x41: 52 44 44 46 51 55
48x37: 47 49 44 39 52 40
48x37: 23 41 33 40 29 25
35x42: 50 35 34 38 35 33
50x48: 41 55 38 38 30 54
40x35: 22 31 29 20 20 21
50x43: 59 44 63 51 57 57
46x43: 41 60 51 42 57 53
47x42: 39 39 35 32 26 39
37x37: 36 32 44 38 32 27
49x43: 63 52 59 61 42 46
36x48: 36 45 42 42 49 55
45x46: 66 54 42 56 53 46
44x37: 37 32 40 49 52 42
48x38: 38 37 37 29 24 27
42x40: 26 34 30 28 32 32
49x38: 29 30 33 26 32 42
40x35: 47 37 34 42 29 24
41x40: 33 28 27 29 21 30
50x47: 74 59 59 49 67 49
44x37: 34 26 24 29 31 24
37x35: 24 24 21 23 23 17
38x44: 45 41 37 52 40 44
42x50: 23 44 39 41 36 41
43x47: 61 51 54 48 54 39
47x37: 30 22 26 30 30 41
48x38: 26 43 28 25 35 34
36x48: 35 29 29 31 29 38
47x40: 42 44 45 48 56 57
40x48: 33 35 39 37 32 32
47x36: 48 41 36 45 42 51
47x42: 35 53 49 49 54 69
37x41: 25 30 21 23 30 27
46x38: 23 34 30 29 24 39
49x45: 70 54 49 48 64 52
39x41: 34 38 25 20 28 23
38x44: 46 41 42 35 46 48
43x37: 43 49 43 42 35 30
42x45: 42 30 37 31 32 38
45x41: 42 44 41 56 54 49
46x46: 45 49 60 68 48 59
41x39: 25 27 23 34 30 30
49x47: 40 31 44 29 46 49
50x39: 53 49 48 47 47 58
40x42: 32 31 23 40 31 25
42x50: 46 37 40 31 26 43
42x39: 24 26 40 36 23 32
45x35: 21 38 29 26 31 19
40x38: 26 16 31 27 26 29
38x49: 36 33 27 22 33 40
43x38: 30 29 23 26 23 37
40x48: 37 30 43 28 37 32
35x38: 27 32 43 26 38 39
46x36: 32 31 34 26 37 20
44x45: 52 48 48 67 45 46
43x44: 53 51 47 50 41 50
46x36: 50 38 39 43 50 32
42x43: 41 32 29 24 34 35
49x45: 60 57 56 54 58 53
49x42: 51 37 35 33 30 37
49x45: 44 38 38 37 42 41
37x48: 53 42 41 49 41 49
38x39: 40 39 38 41 34 36
49x46: 29 48 45 40 37 40
44x43: 51 45 53 50 50 40
46x50: 58 46 62 54 61 78
35x44: 42 32 35 43 48 37
43x44: 42 48 60 46 42 55
43x38: 24 39 27 28 21 29
36x47: 42 33 41 49 51 46
44x46: 51 57 50 49 53 51
35x36: 30 27 31 30 38 40
41x36: 22 24 28 35 20 26
45x35: 34 33 18 28 28 24
35x37: 28 36 41 34 26 35
50x44: 53 72 61 61 44 45
43x39: 29 25 29 34 38 26
38x39: 37 43 29 37 45 37
39x36: 34 29 35 35 48 35
43x41: 48 36 48 43 52 44
45x46: 36 38 40 33 35 43
47x48: 39 32 37 47 42 43
41x39: 30 26 31 22 24 35
38x35: 41 34 39 25 37 25
39x36: 41 36 40 32 28 40
42x47: 43 40 39 36 26 25
44x37: 41 51 44 34 42 36
40x39: 42 41 31 47 49 28
46x43: 33 33 29 39 43 32
47x45: 60 61 39 46 50 74
41x35: 28 21 22 20 25 27
38x37: 24 24 28 18 29 21
44x50: 47 34 36 29 33 44
43x47: 56 46 46 54 54 57
36x40: 41 34 43 39 23 44
41x41: 49 42 37 51 35 47
43x47: 35 58 46 70 42 67
41x36: 19 24 32 27 29 25
36x49: 55 39 50 45 46 33
41x35: 28 26 18 22 26 23
35x42: 44 30 33 44 40 36
39x49: 30 28 48 37 31 34
48x36: 26 37 41 27 26 34
39x45: 51 39 49 49 47 32
50x35: 34 24 24 33 28 33
40x44: 41 48 31 50 48 57
42x39: 38 38 42 56 37 44
39x48: 37 35 32 32 31 41
47x44: 55 53 47 49 56 60
50x49: 57 33 42 40 44 39
37x44: 32 20 36 21 23 35
39x46: 38 35 37 30 24 31
45x41: 54 50 41 47 52 37
50x43: 51 46 60 55 61 59
50x48: 57 66 57 67 58 67
46x43: 53 47 51 56 56 39
38x36: 22 23 21 30 18 29
38x44: 29 29 29 32 23 25
41x49: 35 31 32 31 43 36
40x43: 44 48 46 49 39 38
44x50: 49 68 44 58 59 63
44x35: 27 25 26 16 32 28
46x35: 39 48 32 38 48 43
40x47: 41 56 47 60 37 51
47x48: 35 28 49 43 38 46
43x50: 60 60 57 48 57 45
36x35: 34 34 38 21 40 23
50x49: 49 38 33 42 44 50
36x41: 30 39 39 33 47 39
36x50: 32 41 23 30 39 27
39x36: 35 26 31 16 24 23
38x49: 31 30 24 39 32 35
47x48: 60 59 50 66 55 59
50x43: 51 29 65 51 65 75
38x41: 34 35 39 45 49 38
35x47: 25 33 21 36 16 34
50x49: 54 60 72 66 69 54
42x40: 40 47 40 40 44 49
38x48: 56 45 49 37 45 48
41x49: 31 37 42 35 27 36
38x40: 39 45 31 42 40 37
38x36: 28 39 29 40 41 34
43x36: 34 29 23 31 29 22
47x35: 41 41 33 53 37 53
48x42: 40 48 51 69 48 59
37x46: 41 56 36 49 42 37
39x37: 35 40 37 44 34 32
47x35: 44 40 43 34 50 41
38x35: 40 34 31 31 35 33
36x41: 27 30 17 18 27 36
46x42: 46 32 40 26 36 29
50x42: 60 42 54 44 71 50
39x47: 50 43 52 47 39 53
48x40: 49 51 49 70 42 33
35x47: 41 51 47 33 41 38
38x49: 43 49 49 57 47 41
44x44: 50 41 51 45 54 59
50x44: 33 35 40 45 34 36
46x36: 37 53 35 37 48 45
43x39: 32 28 30 34 24 33
43x44: 23 34 35 30 42 32
38x48: 49 35 54 52 46 45
47x37: 30 30 34 31 26 28
47x39: 44 50 45 53 52 36
48x41: 34 51 56 56 54 54
48x43: 53 51 49 64 53 48
45x40: 32 66 42 49 42 47
35x42: 26 19 31 29 25 23
44x38: 30 26 22 23 29 38
41x37: 29 32 20 24 19 31
43x37: 47 31 43 39 46 38
50x39: 53 43 52 45 56 51
44x42: 48 44 55 47 45 45
43x46: 30 44 33 34 34 34
46x35: 36 47 40 44 44 36
40x40: 34 42 39 49 47 35
42x43: 22 43 32 35 37 27
50x43: 61 62 51 52 48 57
39x45: 37 28 25 29 36 39
43x46: 41 34 27 35 41 31
40x41: 46 41 51 47 34 31
41x39: 21 28 29 29 33 28
37x39: 49 43 35 31 30 32
35x40: 33 33 36 38 35 43
42x45: 46 50 53 51 41 51
36x38: 30 39 24 39 40 41
38x45: 38 16 43 25 22 35
47x37: 35 30 32 27 26 29
37x35: 28 20 16 27 20 20
39x41: 36 41 31 44 46 52
37x35: 32 34 33 35 37 27
46x50: 50 59 56 70 68 50
39x38: 36 41 43 34 38 35
38x40: 26 21 21 26 26 36
48x47: 55 66 50 56 63 57
49x48: 55 43 36 40 45 37
42x40: 32 30 40 27 28 25
40x39: 31 33 25 25 30 25
35x50: 48 45 46 43 45 41
48x36: 31 30 36 22 37 36
48x50: 53 66 73 64 55 58
48x46: 72 65 40 57 59 43
39x47: 49 52 39 51 49 41
40x41: 43 45 32 46 51 34
45x37: 45 45 44 47 38 36
39x42: 42 36 45 43 48 37
36x44: 41 33 44 48 38 41
45x43: 26 49 41 31 35 27
41x48: 35 23 40 26 40 43
47x49: 47 42 39 43 30 39
35x43: 26 27 19 31 27 23
50x50: 74 53 73 61 60 63
50x36: 30 30 31 34 39 28
42x40: 31 28 28 29 37 28
39x39: 24 26 28 32 24 34
42x35: 29 33 19 27 29 17
43x45: 43 52 56 52 56 35
47x37: 38 54 49 38 53 31
49x47: 64 64 71 47 55 49
38x39: 19 28 21 32 29 26
46x42: 34 27 46 36 40 26
48x37: 48 39 42 57 47 41
38x40: 32 34 19 22 30 19
37x37: 25 19 27 27 21 25
38x48: 49 52 51 31 48 48
39x45: 49 53 39 33 53 40
49x35: 31 22 31 26 39 27
44x41: 25 34 27 30 35 31
42x42: 46 49 41 48 51 34
40x35: 24 27 25 25 19 23
43x39: 42 43 47 41 42 43
49x48: 59 62 59 59 58 67
37x48: 50 41 51 48 41 42
42x47: 38 51 55 49 59 52
49x44: 48 60 73 56 50 41
47x44: 56 49 47 65 51 52
49x47: 63 67 57 64 58 41
36x35: 25 13 23 21 25 25
41x44: 35 31 19 27 39 31
46x38: 42 53 48 41 42 42
39x40: 48 28 38 39 48 39
49x45: 54 58 58 54 67 45
36x48: 31 30 28 36 31 36
35x38: 35 34 38 28 33 37
47x45: 59 58 46 49 59 54
38x46: 32 24 27 33 34 30
41x35: 28 20 27 24 19 24
50x39: 34 41 27 36 37 33
44x42: 30 37 41 30 25 32
