1122328377227565294573525668246252925164246287987784122693983869922222576473238222367725229292476776
3439534344443341434449413434544546443313443434337243446444273233229964474333524343343263333397462332
6446534656654345665545756845652445664554567453344355533455445732365554785365556466544424657625334454
5764366546346565433173426656673446256755342552276356475358736554561768323235448436642626716668436552
2432245322434343223312234234145234422422151425334232333434465223124422432123313313144223245434213122
6373269138466626334224232272352251726573428236361362251272335335353545412626366252362443323122568732
5673357339533533557574944447475576653565555474357764385574312376575243553954836367339357555551434444
3232332132231233321122322231333232213233313332432312143232132213233232233243131223222222233422123252
2532332134274262221121535425342131732342222326625224242334335132442252434322423352213461259334224487
7565667856454556567454551653458944467437678656453544834356545556463354463263379773577656253433555445
1376533544556457252934534268532349354424919842725952222763551835834557316545232355343561434353534372
2523224493232433232232455126224252263322422141222233724236541332332735342832245213233463352313233144
2125433524432544443453442442415232314454515362344343344431423442473342513223323343242354443455412243
2223253513531336231535341344345453334337333533533361233323412322433143663333333373465253335734633327
4222443232236314324237231323222882275222733343331312832133839321228313232237135332232232382344322422
2531231222624224222222221242321222233212232242324222212221311445532222222224121224222222221252222524
1282322243523323214433323343353334144321323323232732322223331131423423332423323326142343424314333343
2233222322332112322233213222336221232222222214321225322213222122222352112222251322233152122421233222
2133332225122552132443253453123412221223124644261212221552222235242211223223252155412122322122223222
2342322335344224245235521242242243244442442432343445366241334834335442144222344342324144436322223252
2255222226226744212232452222211222226644152224654642222241212623263422212222222123625471252525231222
5253225434222243232256531212424522455213211226332242213164222254163325125452125461243424432232521451
4288524434546485223254522441625265492255546828544443435345215657285553533178244452552176455574652293
3235223132313212332222313343333222533331243421222333232232242221233321253222222311122211231321322323
4123522222232222222222212221222312422443212311122224412242222422224221222222222421211512213232212222
3322373222222242321232243243233223232232512214323122273433454631213413261244431323333233422222231333
2436942332444453225144242332328323644174461313334813734323432222643133233737233352242843536483323424
6623144536217362257362532276645667275225345632247317547264542717622752322512614462233614623212714313
7643456556435262153535522356454446472226533567512621825444284454542422642342465553247415548425143345
4232122253524333334533233324453222123233355235433223215572332412412135421543333225525442333542135342
4323634634112252442592132533345314252129523914383352446365752563854222222135312255213224324234346522
4353236333333443555453153222447234744855224242235222342821423544314432335143463324453212425243526253
4534533361674341342373533433515133733463337326382435134633116532215664264731353346325231336324543442
2441442233421553345123135143544543514414123543133232143423433134342241153555343533344332141124526789
2212132232223312224121332321533433233231422432232322122242112121722221232232333333243232232321421332
8276778647457225634262651262236665334746366328315345666276362545653426736648663235942674241466416645
6757738683896779756978663273677647866865646763676539757557937794766886638666596578695866568667655479
3235324533378448433335274942743645133375734577352715333261865358656374737284338777478232537365245343
4544353485657685546454346442946313765454162559656661655383342671254345353453455264741766557648336668
4264444443344473336242134323433423332343324333333254454443353213543335532443424243315435135233422373
1432231244233483432121332254224143463222222243441213141223116223382721445238114213423233232232332221
2222232322231222124222632512222322213212221522222322622211221322323233231312252122312222125222322125
5366463442922353342532343315353122223432333452564936553861366438243355223456466376443429233733334342
3333313233338514434336423444332456333438337336334342944347366333335933448363374642593526334235338432
4222227222723244622222522625222227222591432114121271213422152232224222226451352886471215497226325622
1111232241325222223121223534135331234513222224322152124231242425541542225512524325733232352114412425
2223242372213783432244443234232241344257232234142233121223233244472224342214321145234135323222432222
7222442251221342522212221263241222371222232252234532724122222223222242224126211222532342223261652272
4123225523222243223332322233234223232323322421142343312222229252254332222231193233834232232232232342
2455764672725285657557127457517886446383484443658853833551482862866696188528695445645864389836857824
2335444449544244436542644344544332333444523525443443443433354544543555542346346934445434844534545545
5456273732532761553636356321172336466215117763244762713542265616432246521176656227355141144521551389
2333422422432424443133444224144223341444434246243346423344424236632222442323343342324426234343122243
3232132222422262223173221122312222152213222216322222322165261222322331222222121213321311112321122223
3336333635243464343314533547253312547553323635943356434524952334676984593636433632765833434735333295
4466554446434343493244435644444546434456454446348134436455234534443633474446345344434349465344542534
2283252222342324222242622432262222323242122472321325124722324133443416344232141342132222553222421221
4733348213224614422542424524214442636434324322292112134274318423422425123232424143342426622122238342
2547264446444453762654263745461534446445544246536154444456443634445537415555334834377456344442646345
3234224523322112535364324435413222325212153235152232455542541542221253231224252442422424254422322212
4434564642215554435546544343332243535432454423352834136234355653533947223444444433559353348543449567
2252223221242232222222222222322222135222522222422222212152222212142212232121524124222322322224512122
6635325243417345346543264825444676456234266553634661542263245335263444345423441364353444546365574427
7244414324124342461462282831333363334223423253732522331422224422472834422742232252325332625423268222
2522622422112622217136512442223148422522324324124421413262423456322242411142825222228223214212228222
3542431852246554422545441526832353454624686525132255542551525344785454952341555431284422845282543531
6456543746236666493367458482564445566646525647444144454366346513356435534382553243655846351653344585
4223242121216152122132225135242212122223222322224214222231222243243232242222241122122221122232122545
3666373263664638165458763666665656467334352246464434543434477354455615261454865224445241343254422436
2545565568686975346357665466842836222436467776544436712632246471487464342898667553627255465468376526
8222221224443333523484433432432252335423242323328434425143514452234724343465245447444244224323224222
2231312223232323222282423422223414222223222212211122131222271221212222132322225122122322122122313322
2351332722235622221115145344331322225322122522212322121233331363235353126542531252122234332322222632
2222242222312422212844422121412221224224124242222252422142322325522324223312222232212212221212211423
2422244322524332312422342135124221236423242242223232314218225183222432432232316163341254323211322422
7932432222612262562422365343251724436522544235334252356725456232252325344141535346213432274336253556
9517575495452463285625246622534143448544564729362945322553625244434653552723435775592696432635377248
3285162422434542545733334242423355222835383224499473445323643214353333757362543467664433552383344345
2624644522324533575226262424221534652968142565323566422323427228547262322561472973342542424234374363
4252222322228122522222212224312211422343261243323222142222222223232323122231233212321322212352523231
6333223322633614336133113463236222231322323361233153422235132233233241222221222633632232623332353323
2434212432262232444423248513532323352132223343222235343843132342229242656331455524752215233354246225
2821224223223233412223241321221222321222222132223132222321312242322424223132131232228221623221812221
2522242314662335523532565226725434225254232633423425643565362345346345325359543433233622333547274127
2142225142338322332322243224221253323412624233233424332332213311232233333332232242212321243433422222
5457355948683856656457323863456263474356866754656654653576636656534564565268665746465622445365445614
2221341212182232121222221241212223211232222322227222232222452221432211221422115225225322222212412223
3333434443324362261444445643385443327443332324449763243385411335233354943533422338233545444394352393
2433147245324334441433333313333642232142541344333123332343338463224233333342333343532434433113523383
5214225313223233254524132672222242143113242231232312312242222244224353533113122132312212131222343213
2651382833637664484389263776638888223726886234133422477852462545242564244982243246336763492552122385
3447347335463643563377634477743644335336334244551444337536654736676124685542476435225623446634324664
6798722675959385959955965473475636478285786397788537344625695675694767865289787789684444365577697799
4342392334342333343323434242433342443444334332454368444343443444343333316224422333634353433444524243
1132232222322423222322812312222222211132213222212222223231223222225212222222222222232122232222222242
6777676475454474963718646644654675646848455656875566677876634666673675765957556849565967666775724657
9937685975477776554675666685777758757636985565656687448887574884454865669765655445678158564484556665
2233222122221222222222221222222121231221322322422242321332222222211122222122221222221122511322222222
5343434464433254367753443233454474354443464536462244254424343346533432454253644316546443536534322563
4231232232312222222223113211223222125212232132224222122332212223322243121332233232322123232324331322
3323243333343232234442221332433312233222222241343232223342434132441343322223233243433115233233341142
2261321222222222221229246925531422323635533332222333422527231332353227222133228352423224227332262223
5555958875565589677535967847573599996477698587254577575545554589558899538785774458869568857545573977
5214222222222222222345312246222322237247342225222235222222222242413322222322222222153223442132322472
3243338152344243429215412527332523242224373343648344241373243332385624742434422444654442336442534422
1222226123222152934223223122222162221222672222122222122222213232212222222235212212222322222252222222
5854456249637745756667484452645648695565856545425335866356574555555555676868475555378293465665575479
3245455545452243862642554833652545413524455331444434334363344434431241365343523434433554332553213535
2654764623252226452222126726264584214222526925222565934251222228175322722323627475621432222712266228
2211593522362319922453245223592262143135224173239127386572222172224261212222442582447253172726525722
1292232247422327232931222122473236332229414132432322226322242422234121254245434124433749432244311222
2376266634476255566464645552246527646527116472755384536339256364314546223561571544557837662576545225
4256364466666844987645457666556542666665666585356953545624223376445516665425542276465756445675634233
3331333333333342254332333333353233333532352323341332433232533353333423443433123224333923333323434533
3133323315314232333313215512438333233223223344623343221322442854333391333223333321332325333856733144
2232222221222352222322322222233121222123222321212223222122221323314223224325221232322222212322322242
3223312325434422333263234122126353314612232211222412424324351423242327324333333214232432252512415321
4324312443333412313243112123212343331122241334333241341134433343134413422313423234433431244324156789
4243522334622415411232154541422322533823354423252322454343524624233244321332422341223121253327212442
2634332652432675331222272824265621332859222925233323632295371137223232376222225232424762243526136227
1262622222432222213232222211223822221322222123223331323222222236221422512212222223131233122261422232
2894221243222512212222224123331312229212222125136523212542122321322222222342223223233231221522572623
2743946428734154148535536567233352844848227254434468132453632673482434344253644422324567623737462358
7475533242444354536668624624455233655454632655465453454463323345444646265533671445624652646445424353
2142321233213322114232225223224533224241233623642342221121313233223222219423222211222313433233226332
3434447434937346434744423322255134514526553464272334633641332232434322443445343343224644244646223345
2226242226412127622225121242432463313111222132325122221212523113223132231321263325122122122324221112
2243533353234655333344333313536352333333232343322335123433453333533334333352254222333354553335324334
2242124281222122144913212222222322222242222442222322228223218223122723422121222222231225222222212521
6333333233846425213386353453331543224231222232388343243131333732311233327753333353226142471182426927
4835333534662133342343434444343462583311535233334453433455584323535433641444144234314733352343442243
6536758559666357457485434644655556854996457444563433954756763433378345587465535696547957436365555476
3311312223223242222213222223322422221322223222322112254333221212322612352313212444222252312212232233
5235222121222231324221123333123212122212221222532262222244223423132223241423212211423323221244248244
2323121223423223324222223322232333233232324222323122223432123232232322222333342323333433332322122223
5153323234232342222332222226312232113233322222222132233122232211232232322132223222232322222233231332
4445242122222412252131484252816482332322212742325664246322226222235222222726222422222723148172562332
5313353552552441443332334323344544346525363544533433453334332452543645345333333145125333435532535545
2253325121232521322235332544212312312334233333613533544262125333433323242334312213353412313224335323
3442455225824322325483215225328113822323363525253546424414346444685422225156364832522575532426362223
1221232215252242322241122222322122232222222232222222221222222312222122524222222322225224232221142222
1434411514222231342462123235465455646133223251262356536544253133563344423361124424434443451651453789
5421333333154443254642523234545223143421434524543454242744542212333743422434244174422545424435324354
2422225221321523422522321223422222221282132222421214132232224212127424222332352213214233722312221224
8353366333623336363313332333668463335533335157633543646363234266534224738445635343936313336233333233
4322313323734333233333133324332223361223333223333643133333152343333233334332222431433334232332342333
4433555432513464345746344453554444945533345446356524754433455232462436463458454945555522134644345462
1113322363222143322232422212222212112222233722231223321222234222322213321222262213432332223223222322
4222333453325447341444442235423245335414424246724344234442633222442244424342345526444334443433343311
2132392234222424334346324322232414433224332241443234442222422333423412332323524464444342261235341532
2112332342532272232223275313233436223321233437135331262264123523352223532764132713226233262613423352
4322222423721333283242323831364445738311334244633453347343472243237432374552234437223243212124322625
1242468252334224755152335722155522422413313344554714234126324454626564243715252472212245243814274254
7288471218123876835345677886537524525236527146666547752676112542531773366423574584288157326835587569
7873669783877895986988965879478566639655779488956895968166899989557765975793814875581995987549987493
1334334411325223943913344532323253464273222224622231241226241385242422514224312467644744674332264744
1435222224242252225222521223522262223246265253223153233312525272222325424212513524222225183226643257
3333332333333333333333333233323332333733313223313322432333323553322223334326334383334373323433423332
2434222434342632322321224344227322233222451243242242322331322422422424223452222341223222524244223224
2334113333222224331331421225323232452662862632333236231524234433234233233432434234343532393232233332
4134224234542424342343312344334323334322342434444643233924434333338222243241442324422333425544423233
3565636644445546545564766358556624446435646236664567636346646356364654647675612752316533743545346563
2122232321222232134122222263434222142312323322211322222512231121221821122222131125232242232232342322
5375425527762434248677433758261823212541262432573347762373434443753131295314323323425336274272313675
3222222222222222246212321331121322212122262252122223122222121222232222222221223222222212222222533232
2142432532411353333545333513346433433533244333233326433433333566331333335445333143333333323363373533
3333334214223333334343323343323453434333333333333244343343443343233333334344524233313337434333432322
2232432224433433313385333321323345333333333223243243334333332252323333233212223342433323353333233223
3234337223322314472232212314143623424244223434234133321222215136433234223221321442432422424334222224
4422625214416262624221172625722223459222256245232634254242434722522128225323225713135335221224222111
1332233222222352233332151322322233222222321233324232332132222233133625322222222323143225333424413222
1212221233434411242222222232342272261362231222122213233211242123448423412622121212224222245232221231
5299239242432267722312144753524325235544143326621526223357993233413345372525642521566214321229314226
4145815259445253437345286245352965222465396946455525666535157576493246439135482348345259474534214895
4359454935483443642555444253332646423565846452265442345833574549442746543574436733264526894364357572
4455362612251424257347533535244543123224216453411496584314352529524942421253415255562112225354222522
1442232342433253322444534281432832532221672244522533352331353433357344632533273418434294521434522442
4222222215222314232121254322233232222223122634122452442325321222225215221262211462212251222122432225
5433343433354336555313334535433334646344314443334434323324433351432333233343343453434443354755443144
7455735614556556475541373865756554446747474542632733338546537454714443436561535533325555442337664366
3344244343421362432233243522354253434334144424341223843414452442242233253333415322242242421421222344
6566496645534446467563655546666284568446568656566488652487754568586356364667666343653435344856634686
3144742294362343433433444152533433333354533454223125636323643244343342222413333242523375333224753333
3221523222332442343532222237412235442452325221435232234441525512343524244632563143252254222455154221
3224327652164274373434256367436252531482365553771428333238873236774688169262541264643619643249432147
4884532535643454176544345559146393647314561543235243325754646564452432255522565243562352226356533255
2311434244645331433437443324222242222346543444433231311844443214411344612234346424445322444644242422
2162123222225122221111123222322122322233422452224412222322421212222421237222222225232132222231522142
4634423245446733424454237456446454376514876546452544686573653263546426444252424446345435263643465462
3333433236833532333323333332633353333373964224333234334234434235324533133333366333323333233443527332
2213222322242112532233111222211252231251222334273212372255322233222322521253222127321321121222351322
3333531243833462333332223231353333233423323335442148233323423433334223232432341332332113321733223323
1253222412232122142223322252221331232333213442223222222322329232133533222333322223233421612131455332
2126352214354453312222742413223131233982433261445213341234522712243224286251232222322412242832421233
6755646362147242536753172684353487842555958732547755226562634346554123245448573341747273467855165235
2222212222222722222322211223233322242232221125222151222152123226222164222523412311242122125222222212
3335321234234455143444233435223252532335334336334245233424223444352465523413253533334644323424424432
3343742454932436532444334343432433343532443425428234452394453474344344383332325454346344412541474253
2474477763936979663333346343374443344643635572649454475855374386394583444346862733437379465433493339
3289373373182327263634375433233261632333632233239373343722362254522232326722313742223237132632342532
